16
9
15
20
18
16
9
15
20
18
16
9
15
20
18
16
9
15
20
18
16
9
15
20
18
16
9
15
20
18
16
9
15
20
18
16
9
15
20
18
16
9
15
20
18
16
9
15
20
18
16
9
15
20
18
16
9
15
20
18
16
9
15
20
18
16
9
15
20
18
16
9
15
20
18
16
9
15
20
18
16
9
15
20
18
16
9
15
20
18
16
9
15
20
18
16
9
15
20
18
16
9
15
20
18
16
9
15
20
18
16
9
15
20
18
16
9
15
20
18
16
9
15
20
18
16
9
15
20
18
16
9
15
20
18
16
9
15
20
18
16
9
15
20
18
16
9
15
20
18
16
9
15
20
18
16
9
15
20
18
16
9
15
20
18
16
9
15
20
18
16
9
15
20
18
16
9
15
20
18
16
9
15
20
18
